load 0, 1, [0.0]
load 266, 1, [0.625]
load 267, 1, [0.125]
load 268, 1, [0.25]
load 17, 16, [0.06822609156370163, -0.5504231452941895, -0.05160103738307953, -0.9908669590950012, 1.1140429973602295, -0.8665797710418701, 0.38567396998405457, -0.7911393046379089, -0.5388262867927551, -0.8445351123809814, 0.2306051105260849, -0.957131028175354, -0.5342487096786499, 0.2464936226606369, -1.5015233755111694, 0.2736208140850067]
load 1, 16, [0.14069746434688568, 1.2415354251861572, -1.1436582803726196, -0.387940913438797, -1.1302605867385864, -0.5708580017089844, 0.03935498371720314, -0.549761176109314, 1.2370223999023438, -0.509162962436676, -1.292669415473938, 0.8959994316101074, 0.900373637676239, 1.417318344116211, 0.6422026753425598, 0.7096080780029297]
load 81, 4, [1.2544831037521362, -0.06055178865790367, 0.12277194112539291, 1.0741535425186157]
matmul 1, 17, 33
add 33, 81, 85
relu 85, 0, 101
add 34, 82, 86
relu 86, 0, 102
add 35, 83, 87
relu 87, 0, 103
add 36, 84, 88
relu 88, 0, 104
add 37, 85, 89
relu 89, 0, 105
add 38, 86, 90
relu 90, 0, 106
add 39, 87, 91
relu 91, 0, 107
add 40, 88, 92
relu 92, 0, 108
add 41, 89, 93
relu 93, 0, 109
add 42, 90, 94
relu 94, 0, 110
add 43, 91, 95
relu 95, 0, 111
add 44, 92, 96
relu 96, 0, 112
add 45, 93, 97
relu 97, 0, 113
add 46, 94, 98
relu 98, 0, 114
add 47, 95, 99
relu 99, 0, 115
add 48, 96, 100
relu 100, 0, 116
sub 101, 117, 201
mul 201, 201, 217
sub 102, 118, 202
mul 202, 202, 218
sub 103, 119, 203
mul 203, 203, 219
sub 104, 120, 204
mul 204, 204, 220
sub 105, 121, 205
mul 205, 205, 221
sub 106, 122, 206
mul 206, 206, 222
sub 107, 123, 207
mul 207, 207, 223
sub 108, 124, 208
mul 208, 208, 224
sub 109, 125, 209
mul 209, 209, 225
sub 110, 126, 210
mul 210, 210, 226
sub 111, 127, 211
mul 211, 211, 227
sub 112, 128, 212
mul 212, 212, 228
sub 113, 129, 213
mul 213, 213, 229
sub 114, 130, 214
mul 214, 214, 230
sub 115, 131, 215
mul 215, 215, 231
sub 116, 132, 216
mul 216, 216, 232
add 233, 217, 233
add 233, 218, 233
add 233, 219, 233
add 233, 220, 233
add 233, 221, 233
add 233, 222, 233
add 233, 223, 233
add 233, 224, 233
add 233, 225, 233
add 233, 226, 233
add 233, 227, 233
add 233, 228, 233
add 233, 229, 233
add 233, 230, 233
add 233, 231, 233
add 233, 232, 233
mul 233, 266, 249
mul 201, 267, 133
mul 202, 267, 134
mul 203, 267, 135
mul 204, 267, 136
mul 205, 267, 137
mul 206, 267, 138
mul 207, 267, 139
mul 208, 267, 140
mul 209, 267, 141
mul 210, 267, 142
mul 211, 267, 143
mul 212, 267, 144
mul 213, 267, 145
mul 214, 267, 146
mul 215, 267, 147
mul 216, 267, 148
relu_derivative 33, 0, 250
mul 133, 250, 149
relu_derivative 34, 0, 251
mul 134, 251, 150
relu_derivative 35, 0, 252
mul 135, 252, 151
relu_derivative 36, 0, 253
mul 136, 253, 152
add 1, 0, 49
add 5, 0, 50
add 9, 0, 51
add 13, 0, 52
add 2, 0, 53
add 6, 0, 54
add 10, 0, 55
add 14, 0, 56
add 3, 0, 57
add 7, 0, 58
add 11, 0, 59
add 15, 0, 60
add 4, 0, 61
add 8, 0, 62
add 12, 0, 63
add 16, 0, 64
matmul 149, 49, 165
mul 165, 268, 165
mul 166, 268, 166
mul 167, 268, 167
mul 168, 268, 168
mul 169, 268, 169
mul 170, 268, 170
mul 171, 268, 171
mul 172, 268, 172
mul 173, 268, 173
mul 174, 268, 174
mul 175, 268, 175
mul 176, 268, 176
mul 177, 268, 177
mul 178, 268, 178
mul 179, 268, 179
mul 180, 268, 180
add 149, 181, 181
add 150, 181, 181
add 151, 181, 181
add 152, 181, 181
add 153, 182, 182
add 154, 182, 182
add 155, 182, 182
add 156, 182, 182
add 157, 183, 183
add 158, 183, 183
add 159, 183, 183
add 160, 183, 183
add 161, 184, 184
add 162, 184, 184
add 163, 184, 184
add 164, 184, 184
mul 181, 268, 181
mul 182, 268, 182
mul 183, 268, 183
mul 184, 268, 184
add 17, 0, 65
add 21, 0, 66
add 25, 0, 67
add 29, 0, 68
add 18, 0, 69
add 22, 0, 70
add 26, 0, 71
add 30, 0, 72
add 19, 0, 73
add 23, 0, 74
add 27, 0, 75
add 31, 0, 76
add 20, 0, 77
add 24, 0, 78
add 28, 0, 79
add 32, 0, 80
matmul 149, 65, 185
store 165, 16, dW
store 181, 16, db
store 185, 16, dX
